
> python psyduko.py

Output:

Score: 49/81 (60.49%)
Score: 79/81 (97.53%)
Score: 81/81 (100.00%)
Success!
8 6 1 4 9 2 7 3 5 
3 2 5 7 1 6 4 9 8 
4 7 9 5 8 3 1 2 6 
6 3 8 9 2 1 5 4 7 
9 4 7 6 3 5 2 8 1 
1 5 2 8 4 7 9 6 3 
7 9 6 3 5 4 8 1 2 
5 1 4 2 6 8 3 7 9 
2 8 3 1 7 9 6 5 4 
Score: 27/81 (33.33%)
Score: 37/81 (45.68%)
Score: 44/81 (54.32%)
Score: 59/81 (72.84%)
Score: 78/81 (96.30%)
Score: 81/81 (100.00%)
Success!
1 4 5 9 8 6 2 3 7 
7 3 8 5 2 4 1 9 6 
6 9 2 1 3 7 8 5 4 
4 7 1 3 5 2 9 6 8 
5 8 3 4 6 9 7 2 1 
9 2 6 8 7 1 3 4 5 
8 6 7 2 4 3 5 1 9 
2 5 9 6 1 8 4 7 3 
3 1 4 7 9 5 6 8 2 
Score: 25/81 (30.86%)
Score: 33/81 (40.74%)
Score: 47/81 (58.02%)
Score: 68/81 (83.95%)
Score: 81/81 (100.00%)
Success!
2 8 4 6 9 3 7 1 5 
7 9 6 4 1 5 8 2 3 
1 3 5 2 7 8 6 9 4 
8 6 7 3 4 1 2 5 9 
9 4 2 5 6 7 3 8 1 
3 5 1 9 8 2 4 6 7 
4 7 8 1 2 9 5 3 6 
5 2 9 7 3 6 1 4 8 
6 1 3 8 5 4 9 7 2 
Score: 26/81 (32.10%)
Score: 34/81 (41.98%)
Score: 37/81 (45.68%)
Score: 38/81 (46.91%)
Score: 40/81 (49.38%)
Score: 50/81 (61.73%)
Score: 75/81 (92.59%)
Score: 81/81 (100.00%)
Success!
1 4 9 7 8 2 6 5 3 
6 8 3 5 4 9 7 1 2 
2 7 5 6 3 1 4 9 8 
7 1 8 2 6 3 5 4 9 
3 9 4 8 1 5 2 6 7 
5 2 6 9 7 4 8 3 1 
9 6 1 4 2 7 3 8 5 
8 5 2 3 9 6 1 7 4 
4 3 7 1 5 8 9 2 6 
[Finished in 94ms]